1.100000e+02
1.310000e+02
1.480000e+02
1.670000e+02
1.890000e+02
2.080000e+02
2.350000e+02
2.540000e+02
2.680000e+02
2.830000e+02
3.080000e+02
3.270000e+02
3.430000e+02
3.640000e+02
3.840000e+02
4.110000e+02
4.300000e+02
4.500000e+02
4.660000e+02
4.840000e+02
5.050000e+02
5.320000e+02
5.530000e+02
5.750000e+02
5.930000e+02
6.110000e+02
6.310000e+02
6.560000e+02
6.780000e+02
6.960000e+02
7.160000e+02
7.990000e+02
9.010000e+02
9.910000e+02
1.008000e+03
1.205000e+03
1.224000e+03
1.426000e+03
1.445000e+03
1.464000e+03
1.591000e+03
1.651000e+03
1.728000e+03
1.942000e+03
1.959000e+03
1.976000e+03
2.041000e+03
2.059000e+03
2.116000e+03
2.281000e+03
2.323000e+03
2.383000e+03
2.539000e+03
2.759000e+03
2.930000e+03
3.067000e+03
3.101000e+03
3.132000e+03
3.209000e+03
3.292000e+03
3.451000e+03
3.559000e+03
3.694000e+03
3.882000e+03
3.909000e+03
3.995000e+03
4.013000e+03
4.031000e+03
4.049000e+03
4.121000e+03
4.167000e+03
4.255000e+03
4.347000e+03
4.418000e+03
4.474000e+03
4.625000e+03
4.641000e+03
4.663000e+03
4.683000e+03
4.699000e+03
4.726000e+03
4.745000e+03
4.762000e+03
4.779000e+03
4.795000e+03
4.877000e+03
4.931000e+03
4.953000e+03
5.025000e+03
5.080000e+03
5.105000e+03
5.126000e+03
5.141000e+03
5.250000e+03
5.271000e+03
5.286000e+03
5.371000e+03
5.466000e+03
5.491000e+03
5.545000e+03
5.571000e+03
5.637000e+03
5.658000e+03
5.721000e+03
5.738000e+03
5.799000e+03
5.855000e+03
5.922000e+03
5.947000e+03
6.080000e+03
6.098000e+03
6.150000e+03
6.227000e+03
7.066000e+03
7.089000e+03
7.123000e+03
7.146000e+03
7.179000e+03
7.212000e+03
7.236000e+03
7.259000e+03
7.284000e+03
7.308000e+03
7.331000e+03
7.350000e+03
7.373000e+03
7.392000e+03
7.411000e+03
7.429000e+03
7.446000e+03
7.464000e+03
7.489000e+03
7.507000e+03
7.529000e+03
7.551000e+03
7.570000e+03
7.590000e+03
7.618000e+03
7.642000e+03
7.666000e+03
7.702000e+03
7.725000e+03
7.751000e+03
7.783000e+03
7.811000e+03
7.840000e+03
7.860000e+03
7.886000e+03
7.927000e+03
7.960000e+03
7.998000e+03
8.024000e+03
8.044000e+03
8.067000e+03
8.085000e+03
8.104000e+03
8.127000e+03
8.146000e+03
8.163000e+03
8.182000e+03
8.204000e+03
8.220000e+03
8.240000e+03
8.263000e+03
8.289000e+03
8.309000e+03
8.336000e+03
8.363000e+03
8.395000e+03
8.425000e+03
8.454000e+03
8.481000e+03
8.506000e+03
8.524000e+03
8.550000e+03
8.565000e+03
8.589000e+03
8.618000e+03
8.643000e+03
8.663000e+03
8.692000e+03
8.724000e+03
8.747000e+03
8.772000e+03
8.794000e+03
8.814000e+03
8.834000e+03
8.855000e+03
8.873000e+03
8.890000e+03
8.925000e+03
8.954000e+03
8.981000e+03
9.010000e+03
9.114000e+03
9.141000e+03
9.162000e+03
9.187000e+03
9.206000e+03
9.228000e+03
9.252000e+03
9.272000e+03
9.291000e+03
9.311000e+03
9.346000e+03
9.367000e+03
9.389000e+03
9.417000e+03
9.440000e+03
9.462000e+03
9.483000e+03
9.507000e+03
9.529000e+03
9.547000e+03
9.570000e+03
9.590000e+03
9.614000e+03
9.638000e+03
9.667000e+03
9.691000e+03
9.720000e+03
9.747000e+03
9.774000e+03
9.805000e+03
9.833000e+03
9.856000e+03
9.883000e+03
9.906000e+03
9.940000e+03
9.973000e+03
9.996000e+03
1.002600e+04
1.005200e+04
1.007600e+04
1.009800e+04
1.011300e+04
1.013600e+04
1.016100e+04
1.018900e+04
1.021600e+04
1.024600e+04
1.027500e+04
1.030100e+04
1.031600e+04
1.033600e+04
1.035200e+04
1.037000e+04
1.038700e+04
1.040500e+04
1.042500e+04
1.045000e+04
1.047300e+04
1.049700e+04
1.052200e+04
1.053800e+04
1.055700e+04
1.059300e+04
1.062600e+04
1.065400e+04
1.068700e+04
1.071100e+04
1.073700e+04
1.075700e+04
1.078400e+04
1.080200e+04
1.081700e+04
1.083500e+04
1.085400e+04
1.087100e+04
1.088900e+04
1.091500e+04
1.093900e+04
1.096300e+04
1.098400e+04
1.100400e+04
1.102400e+04
1.104800e+04
1.106500e+04
1.108300e+04
1.110700e+04
1.113100e+04
1.115400e+04
1.117000e+04
1.118700e+04
1.120300e+04
1.122200e+04
1.124200e+04
1.126400e+04
1.128400e+04
1.130300e+04
1.133100e+04
1.135000e+04
1.136700e+04
1.138600e+04
1.140200e+04
1.142300e+04
1.144000e+04
1.145900e+04
1.147900e+04
1.149600e+04
1.152000e+04
1.154100e+04
1.155700e+04
1.157700e+04
1.159400e+04
1.161600e+04
1.163900e+04
1.166200e+04
1.168600e+04
1.170900e+04
1.173100e+04
1.175600e+04
1.177700e+04
1.179700e+04
1.181500e+04
1.183600e+04
1.185300e+04
1.187300e+04
1.188900e+04
1.190200e+04
1.192800e+04
1.194400e+04
1.196400e+04
1.198300e+04
1.200200e+04
1.201800e+04
1.203100e+04
1.205600e+04
1.207400e+04
1.209000e+04
1.210500e+04
1.213000e+04
1.214700e+04
1.216600e+04
1.218700e+04
1.220400e+04
1.222200e+04
1.224100e+04
1.225800e+04
1.227500e+04
1.229400e+04
1.231300e+04
1.233500e+04
1.235000e+04
1.236700e+04
1.238400e+04
1.239900e+04
1.241600e+04
1.243200e+04
1.245300e+04
1.247400e+04
1.249200e+04
1.251100e+04
1.254500e+04
1.257000e+04
1.259400e+04
1.261800e+04
1.263800e+04
1.265600e+04
1.269800e+04
1.272100e+04
1.274100e+04
1.276200e+04
1.278100e+04
1.279800e+04
1.282000e+04
1.284400e+04
1.286300e+04
1.287900e+04
1.289700e+04
1.292900e+04
1.295000e+04
1.297100e+04
1.299800e+04
1.301500e+04
1.303300e+04
1.305200e+04
1.307500e+04
1.309600e+04
1.312800e+04
1.316300e+04
1.319700e+04
1.322000e+04
1.324700e+04
1.327000e+04
1.329000e+04
1.331200e+04
1.334300e+04
1.336300e+04
1.338600e+04
1.342500e+04
1.345500e+04
1.347900e+04
1.349400e+04
1.351500e+04
1.353500e+04
1.355600e+04
1.357700e+04
1.359700e+04
1.361600e+04
1.363400e+04
1.367200e+04
1.370100e+04
1.372600e+04
1.374800e+04
1.376600e+04
1.378700e+04
1.380400e+04
1.382400e+04
1.384300e+04
1.386600e+04
1.388300e+04
1.390300e+04
1.393100e+04
1.395000e+04
1.396900e+04
1.399000e+04
1.401900e+04
1.403800e+04
1.406000e+04
1.408300e+04
1.410900e+04
1.412900e+04
1.415400e+04
1.417100e+04
1.418600e+04
1.421000e+04
1.422600e+04
1.424700e+04
1.426800e+04
1.428600e+04
1.430500e+04
1.433000e+04
1.434900e+04
1.436600e+04
1.438300e+04
1.440000e+04
1.442300e+04
1.443800e+04
1.445700e+04
1.447700e+04
1.449400e+04
1.451100e+04
1.453000e+04
1.454500e+04
1.456100e+04
1.457700e+04
1.459600e+04
1.461300e+04
1.463000e+04
1.464800e+04
1.466700e+04
1.468400e+04
1.470400e+04
1.472700e+04
1.474600e+04
1.476700e+04
1.478900e+04
1.480700e+04
1.482900e+04
1.486400e+04
1.488900e+04
1.492400e+04
1.495300e+04
1.497800e+04
1.500600e+04
1.503600e+04
1.505700e+04
1.508100e+04
1.510600e+04
1.512900e+04
1.515300e+04
1.517500e+04
1.519700e+04
1.522300e+04
1.524400e+04
1.526800e+04
1.529000e+04
1.530800e+04
1.532800e+04
1.535200e+04
1.536900e+04
1.539100e+04
1.541400e+04
1.543700e+04
1.545900e+04
1.548300e+04
1.550500e+04
1.552800e+04
1.554800e+04
1.557100e+04
1.558900e+04
1.561200e+04
1.563200e+04
1.565400e+04
1.567800e+04
1.570000e+04
1.572400e+04
1.574400e+04
1.576900e+04
1.579600e+04
1.581700e+04
1.583500e+04
1.585600e+04
1.587600e+04
1.589600e+04
1.591600e+04
1.593700e+04
1.595500e+04
1.598000e+04
1.602300e+04
1.604300e+04
1.606100e+04
1.608600e+04
1.610700e+04
1.613300e+04
1.615400e+04
1.617400e+04
1.619400e+04
1.621200e+04
1.623300e+04
1.626100e+04
1.628500e+04
1.630300e+04
1.632500e+04
1.634200e+04
1.636500e+04
1.638400e+04
1.640400e+04
1.642500e+04
1.644500e+04
1.646500e+04
1.649500e+04
1.652000e+04
1.654500e+04
1.657200e+04
1.659100e+04
1.661000e+04
1.662800e+04
1.664900e+04
1.667100e+04
1.669700e+04
1.671500e+04
1.673900e+04
1.675800e+04
1.677800e+04
1.680000e+04
1.681700e+04
1.683700e+04
1.685600e+04
1.687800e+04
1.689600e+04
1.692200e+04
1.694200e+04
1.695900e+04
1.697700e+04
1.699800e+04
1.701300e+04
1.703400e+04
1.705500e+04
1.707700e+04
1.709700e+04
1.713000e+04
1.715400e+04
1.717700e+04
1.720000e+04
1.722300e+04
1.724400e+04
1.726400e+04
1.728400e+04
1.730400e+04
1.732400e+04
1.734500e+04
1.736600e+04
1.738500e+04
1.741100e+04
1.744100e+04
1.746100e+04
1.748100e+04
1.749800e+04
1.752100e+04
1.754700e+04
1.756200e+04
1.757900e+04
1.760300e+04
1.761700e+04
1.763400e+04
1.765000e+04
1.766700e+04
1.768900e+04
1.770400e+04
1.772000e+04
1.773700e+04
1.775500e+04
1.777300e+04
1.778800e+04
1.780600e+04
1.782400e+04
1.784300e+04
1.786300e+04
1.788500e+04
1.790100e+04
1.793000e+04
1.795000e+04
1.796800e+04
1.798800e+04
1.800700e+04
1.803200e+04
1.805900e+04
1.808300e+04
1.811000e+04
1.813500e+04
1.815800e+04
1.818200e+04
1.820200e+04
1.822500e+04
1.824400e+04
1.826600e+04
1.827900e+04
1.830500e+04
1.833200e+04
1.835800e+04
1.838400e+04
1.840400e+04
1.842600e+04
1.845800e+04
1.848300e+04
1.850900e+04
1.853800e+04
1.855800e+04
1.859600e+04
1.862000e+04
1.864100e+04
1.866300e+04
1.868900e+04
1.870700e+04
1.873100e+04
1.875200e+04
1.877300e+04
1.881000e+04
1.883600e+04
1.885900e+04
1.887900e+04
1.890200e+04
1.892500e+04
1.894400e+04
1.896700e+04
1.899100e+04
1.900700e+04
1.902400e+04
1.904400e+04
1.906200e+04
1.907800e+04
1.909400e+04
1.911300e+04
1.913400e+04
1.914600e+04
1.916400e+04
1.918100e+04
1.920100e+04
1.921900e+04
1.923700e+04
1.925100e+04
1.926700e+04
1.931100e+04
1.934100e+04
1.936200e+04
1.938300e+04
1.941400e+04
1.943200e+04
1.946400e+04
1.949900e+04
1.953700e+04
1.956000e+04
1.958200e+04
1.960500e+04
1.963000e+04
1.965400e+04
1.967800e+04
1.969900e+04
1.973100e+04
1.975900e+04
1.978400e+04
1.981200e+04
1.983800e+04
1.986300e+04
1.988800e+04
1.990900e+04
1.993200e+04
1.995600e+04
1.997900e+04
2.001200e+04
2.003500e+04
2.006100e+04
2.008500e+04
2.010300e+04
2.013700e+04
2.016600e+04
2.019200e+04
2.021600e+04
2.024400e+04
2.026400e+04
2.028800e+04
2.030600e+04
2.032600e+04
2.034700e+04
2.037100e+04
2.038700e+04
2.040000e+04
2.041700e+04
2.043900e+04
2.045800e+04
2.047400e+04
2.048900e+04
2.050800e+04
2.052800e+04
2.054900e+04
2.056600e+04
2.058700e+04
2.060300e+04
2.062300e+04
2.064100e+04
2.065700e+04
2.067300e+04
2.068800e+04
2.072600e+04
2.074100e+04
2.076700e+04
2.078600e+04
2.080300e+04
2.083200e+04
2.085700e+04
2.088100e+04
2.090000e+04
2.092700e+04
2.094800e+04
2.097000e+04
2.099300e+04
2.101500e+04
2.103700e+04
2.105500e+04
2.108400e+04
2.110900e+04
2.113400e+04
2.115500e+04
2.117700e+04
2.119800e+04
2.122100e+04
2.126200e+04
2.129200e+04
2.136100e+04
2.140900e+04
2.144000e+04
2.146700e+04
2.153800e+04
2.156700e+04
2.160300e+04
2.163800e+04
2.167100e+04
2.169800e+04
2.173800e+04
2.176700e+04
2.180200e+04
2.182500e+04
2.185200e+04
2.189800e+04
2.193600e+04
2.197100e+04
2.200500e+04
2.203100e+04
2.206900e+04
2.210300e+04
2.212700e+04
2.214700e+04
2.216500e+04
2.218400e+04
2.220500e+04
2.222600e+04
2.225000e+04
2.227900e+04
